
%YAML:1.0
image_width: 640
image_height: 480
camera_matrix: !!opencv-matrix
   rows: 3
   cols: 3
   dt: d
   data: [866.6475972105452, 0.0, 318.37343694525754, 0.0, 874.5052855687534, 305.13920911854393, 0.0, 0.0, 1.0]
distortion_coefficients: !!opencv-matrix
   rows: 1
   cols: 5
   dt: d
   data:  [0.28540772996886565, -1.6866805608410864, 0.007148804941213985, 0.0037163167283635764, -1.0013012414814717]