%YAML:1.0
aruco_bc_dict: "aruco.DICT_6X6_250"
aruco_bc_nmarkers: 29
aruco_bc_mInfoType: 1
aruco_bc_markers:
   - { id:0, corners:[ [ -7.9093560576438904e-02, 1.2037462741136551e-01,
       -2.4163834750652313e-02 ], [ -3.9129875600337982e-02,
       1.2075483053922653e-01, -2.2502638399600983e-02 ], [
       -3.8763854652643204e-02, 8.0758027732372284e-02,
       -2.2153779864311218e-02 ], [ -7.8727535903453827e-02,
       8.0377824604511261e-02, -2.3814976215362549e-02 ] ] }
   - { id:1, corners:[ [ -2.9509246349334717e-02, 1.2043064832687378e-01,
       -2.0362665876746178e-02 ], [ 1.0483772493898869e-02,
       1.2090530246496201e-01, -1.9785454496741295e-02 ], [
       1.0962666012346745e-02, 8.0909237265586853e-02,
       -2.0076857879757881e-02 ], [ -2.9030352830886841e-02,
       8.0434583127498627e-02, -2.0654069259762764e-02 ] ] }
   - { id:2, corners:[ [ 2.1474670618772507e-02, 1.1837355047464371e-01,
       -1.3857152312994003e-02 ], [ 6.1439953744411469e-02,
       1.1944495886564255e-01, -1.5133123844861984e-02 ], [
       6.2586247920989990e-02, 7.9532898962497711e-02,
       -1.2742828577756882e-02 ], [ 2.2620968520641327e-02,
       7.8461490571498871e-02, -1.1466857045888901e-02 ] ] }
   - { id:3, corners:[ [ 6.9531343877315521e-02, 1.1927518248558044e-01,
       -1.4371663331985474e-02 ], [ 1.0929300636053085e-01,
       1.2105727195739746e-01, -1.8350884318351746e-02 ], [
       1.1130710691213608e-01, 8.1172153353691101e-02,
       -1.6087863594293594e-02 ], [ 7.1545444428920746e-02,
       7.9390063881874084e-02, -1.2108642607927322e-02 ] ] }
   - { id:6, corners:[ [ -2.1423738449811935e-02, 6.8702727556228638e-02,
       -4.1486984118819237e-03 ], [ 1.8565621227025986e-02,
       6.8744294345378876e-02, -3.2272022217512131e-03 ], [
       1.8588699400424957e-02, 2.8752351179718971e-02,
       -2.4247192777693272e-03 ], [ -2.1400660276412964e-02,
       2.8710784390568733e-02, -3.3462154679000378e-03 ] ] }
   - { id:7, corners:[ [ 2.6830004528164864e-02, 6.8724974989891052e-02,
       -2.9243379831314087e-03 ], [ 6.6817775368690491e-02,
       6.9310769438743591e-02, -3.7212569732218981e-03 ], [
       6.7426212131977081e-02, 2.9331725090742111e-02,
       -2.5785756297409534e-03 ], [ 2.7438441291451454e-02,
       2.8745934367179871e-02, -1.7816566396504641e-03 ] ] }
   - { id:8, corners:[ [ 7.5477764010429382e-02, 6.9298177957534790e-02,
       -2.1658332552760839e-03 ], [ 1.1538635194301605e-01,
       7.0596173405647278e-02, -4.5365793630480766e-03 ], [
       1.1675681173801422e-01, 3.0637443065643311e-02,
       -3.3441002015024424e-03 ], [ 7.6848223805427551e-02,
       2.9339451342821121e-02, -9.7335409373044968e-04 ] ] }
   - { id:11, corners:[ [ -1.9999999552965164e-02,
       1.9999999552965164e-02, 0. ], [ 1.9999999552965164e-02,
       1.9999999552965164e-02, 0. ], [ 1.9999999552965164e-02,
       -1.9999999552965164e-02, 0. ], [ -1.9999999552965164e-02,
       -1.9999999552965164e-02, 0. ] ] }
   - { id:12, corners:[ [ 2.8854463249444962e-02, 1.9833946600556374e-02,
       1.7112792702391744e-03 ], [ 6.8844996392726898e-02,
       2.0403543487191200e-02, 1.0534829925745726e-03 ], [
       6.9422706961631775e-02, -1.9589262083172798e-02,
       1.5450016362592578e-03 ], [ 2.9432177543640137e-02,
       -2.0158858969807625e-02, 2.2027979139238596e-03 ] ] }
   - { id:13, corners:[ [ 7.7531009912490845e-02, 2.0571812987327576e-02,
       4.4971943134441972e-04 ], [ 1.1752310395240784e-01,
       2.0938061177730560e-02, -2.5595171609893441e-04 ], [
       1.1790724098682404e-01, -1.9047155976295471e-02,
       7.6130981324240565e-04 ], [ 7.7915146946907043e-02,
       -1.9413404166698456e-02, 1.4669809024780989e-03 ] ] }
   - { id:14, corners:[ [ 1.2625546753406525e-01, 2.1114943549036980e-02,
       -1.1893169721588492e-04 ], [ 1.6624897718429565e-01,
       2.1784881129860878e-02, 1.4624587493017316e-04 ], [
       1.6690836846828461e-01, -1.8180770799517632e-02,
       1.6667279414832592e-03 ], [ 1.2691485881805420e-01,
       -1.8850708380341530e-02, 1.4015503693372011e-03 ] ] }
   - { id:15, corners:[ [ -7.4557282030582428e-02,
       -2.7573183178901672e-02, -1.2744700536131859e-02 ], [
       -3.4567035734653473e-02, -2.7858905494213104e-02,
       -1.3580463826656342e-02 ], [ -3.4873172640800476e-02,
       -6.7845769226551056e-02, -1.4558691531419754e-02 ], [
       -7.4863418936729431e-02, -6.7560046911239624e-02,
       -1.3722928240895271e-02 ] ] }
   - { id:16, corners:[ [ -2.0699895918369293e-02,
       -2.8581187129020691e-02, -2.1621068008244038e-03 ], [
       1.9278805702924728e-02, -2.8612412512302399e-02,
       -8.5737020708620548e-04 ], [ 1.9282802939414978e-02,
       -6.8597845733165741e-02, -1.9367429194971919e-03 ], [
       -2.0695898681879044e-02, -6.8566620349884033e-02,
       -3.2414796296507120e-03 ] ] }
   - { id:17, corners:[ [ 2.8476219624280930e-02,
       -2.8674926608800888e-02, -2.4070899235084653e-04 ], [
       6.8474769592285156e-02, -2.8406701982021332e-02,
       -4.5065197627991438e-04 ], [ 6.8740069866180420e-02,
       -6.8401977419853210e-02, -1.0047985706478357e-03 ], [
       2.8741516172885895e-02, -6.8670205771923065e-02,
       -7.9485552851110697e-04 ] ] }
   - { id:18, corners:[ [ 7.9319946467876434e-02,
       -2.8725227341055870e-02, 3.8378671742975712e-03 ], [
       1.1931596696376801e-01, -2.8258359059691429e-02,
       3.5206868778914213e-03 ], [ 1.1978543549776077e-01,
       -6.8254254758358002e-02, 3.8488642312586308e-03 ], [
       7.9789415001869202e-02, -6.8721123039722443e-02,
       4.1660442948341370e-03 ] ] }
   - { id:19, corners:[ [ 1.2679517269134521e-01,
       -2.7733301743865013e-02, 5.7301891501992941e-04 ], [
       1.6678550839424133e-01, -2.7265550568699837e-02,
       1.3177243527024984e-03 ], [ 1.6725060343742371e-01,
       -6.7262575030326843e-02, 1.4643986942246556e-03 ], [
       1.2726026773452759e-01, -6.7730329930782318e-02,
       7.1969331474974751e-04 ] ] }
   - { id:21, corners:[ [ -2.1208111196756363e-02,
       -7.7228821814060211e-02, -4.5884195715188980e-03 ], [
       1.8779594451189041e-02, -7.7473454177379608e-02,
       -3.6274963058531284e-03 ], [ 1.8573597073554993e-02,
       -1.1744081228971481e-01, -5.2300086244940758e-03 ], [
       -2.1414108574390411e-02, -1.1719617992639542e-01,
       -6.1909318901598454e-03 ] ] }
   - { id:22, corners:[ [ 2.9464220628142357e-02,
       -7.7438034117221832e-02, 5.5530387908220291e-04 ], [
       6.9461092352867126e-02, -7.7261991798877716e-02,
       8.7061867816373706e-05 ], [ 6.9620117545127869e-02,
       -1.1723557859659195e-01, -1.3574115000665188e-03 ], [
       2.9623249545693398e-02, -1.1741162091493607e-01,
       -8.8916951790452003e-04 ] ] }
   - { id:23, corners:[ [ 8.0899626016616821e-02,
       -7.7411711215972900e-02, 5.8478428982198238e-03 ], [
       1.2088640779256821e-01, -7.7192075550556183e-02,
       6.8522114306688309e-03 ], [ 1.2112951278686523e-01,
       -1.1718043684959412e-01, 5.9183244593441486e-03 ], [
       8.1142731010913849e-02, -1.1740007251501083e-01,
       4.9139559268951416e-03 ] ] }
   - { id:24, corners:[ [ 1.2433342635631561e-01,
       -7.6047644019126892e-02, -7.3759504593908787e-03 ], [
       1.6433219611644745e-01, -7.5735956430435181e-02,
       -7.3392088524997234e-03 ], [ 1.6464455425739288e-01,
       -1.1572672426700592e-01, -8.1396736204624176e-03 ], [
       1.2464578449726105e-01, -1.1603841185569763e-01,
       -8.1764142960309982e-03 ] ] }
   - { id:25, corners:[ [ -6.4426012337207794e-02,
       -1.2471278011798859e-01, 5.4156277328729630e-03 ], [
       -2.4443101137876511e-02, -1.2491294741630554e-01,
       6.5674046054482460e-03 ], [ -2.4593241512775421e-02,
       -1.6487510502338409e-01, 4.8343976959586143e-03 ], [
       -6.4576148986816406e-02, -1.6467493772506714e-01,
       3.6826210562139750e-03 ] ] }
   - { id:26, corners:[ [ -2.1433791145682335e-02,
