camera_matrix:
- [986.7663458597843, 0.0, 310.2132303020388]
- [0.0, 980.7872141386147, 259.33646382705734]
- [0.0, 0.0, 1.0]
dist_coeff:
- [0.4090380721922491, -5.810579933411364, 0.03566948032265336, 0.012488901952862529,
  26.616428464966912]
